Project Units: meters
Units & Scale - Active, Translate - Active, Rotate - Active

Id,Photos (used),X (project units),Y (project units),Z (project units),X Precision,Y Precision,Z Precision,Tightness (percent),Tightness (project units),Angle (deg.),Control Name,RMS Residual (pixels),Largest Residual (pixels),Photo Largest Residual,Material,Layer,Tagged,Type,Use In Processing,Frozen,#Constraints,Target Code,Target Bits,Ref. Check Tag,Photos (marked),Color (R),Color (G),Color (B)

4815,"2,3,4,5,6,7,8,10,11,22,23,24,25,26,27,28,31,34,35,36,37,39,40,43,44,46,47,48,49,51,62,63,66,67,68,69,71,73,75,76,78,83,87",-0.197074,0.442416,-0.000296,0.000082,0.000079,0.000087,0.045413,0.001750,89.934403, ,0.807001,2.154848,39,White,Default, ,Regular,yes,no,0,n/a,n/a, ,"2,3,4,5,6,7,8,10,11,22,23,24,25,26,27,28,31,34,35,36,37,39,40,43,44,46,47,48,49,51,62,63,66,67,68,69,71,73,75,76,78,83,87",255,255,255

1355,"3,4,5,6,7,8,11,22,23,24,25,26,27,28,34,35,36,40,43,44,46,47,48,62,63,66,67,68,71,73,75,76,78,79,83,85,87",-0.515884,0.477169,-0.000269,0.000081,0.000080,0.000093,0.044101,0.001700,89.956733, ,0.772736,1.642332,71,White,Default, ,Regular,yes,no,0,n/a,n/a, ,"3,4,5,6,7,8,11,22,23,24,25,26,27,28,34,35,36,40,43,44,46,47,48,62,63,66,67,68,71,73,75,76,78,79,83,85,87",255,255,255

4380,"2,3,4,5,6,7,8,10,11,22,23,24,25,26,27,28,29,30,31,33,34,35,37,38,42,43,44,46,47,48,49,50,51,62,63,66,67,68,69,70,71,73,75,83,87,90",0.107656,0.453083,-0.000232,0.000082,0.000076,0.000084,0.039793,0.001534,89.964243, ,0.748708,1.848669,47,White,Default, ,Regular,yes,no,0,n/a,n/a, ,"2,3,4,5,6,7,8,10,11,22,23,24,25,26,27,28,29,30,31,33,34,35,37,38,42,43,44,46,47,48,49,50,51,62,63,66,67,68,69,70,71,73,75,83,87,90",255,255,255

4479,"2,3,4,5,6,8,10,11,22,23,24,25,26,27,28,29,30,31,32,33,35,37,38,39,40,42,43,46,48,49,50,51,62,63,66,68,70,71,73,75,83,87,90",0.395022,0.472198,-0.000201,0.000081,0.000077,0.000087,0.051196,0.001973,89.959135, ,0.766623,2.536148,39,White,Default, ,Regular,yes,no,0,n/a,n/a, ,"2,3,4,5,6,8,10,11,22,23,24,25,26,27,28,29,30,31,32,33,35,37,38,39,40,42,43,46,48,49,50,51,62,63,66,68,70,71,73,75,83,87,90",255,255,255

4319,"30,62,63,68,2,3,4,8,10,11,22,23,24,28,29,31,32,38,39,42,43,49,50,51,70,71,90",0.736530,0.172188,-0.000185,0.000200,0.000223,0.000265,0.048086,0.001853,89.964702, ,2.019808,3.116496,49,White,Default, ,Regular,yes,no,0,n/a,n/a, ,"30,62,63,68,2,3,4,8,10,11,22,23,24,28,29,31,32,38,39,42,43,49,50,51,70,71,90",255,255,255

4965,"2,3,4,5,6,8,10,11,22,23,24,25,27,28,29,30,31,32,33,37,38,39,42,43,44,46,47,48,49,50,51,62,63,66,67,68,70,71,73,80,83,87,90",0.458509,0.198874,-0.000182,0.000080,0.000079,0.000086,0.049977,0.001926,89.942926, ,0.737004,2.065896,39,White,Default, ,Regular,yes,no,0,n/a,n/a, ,"2,3,4,5,6,8,10,11,22,23,24,25,27,28,29,30,31,32,33,37,38,39,42,43,44,46,47,48,49,50,51,62,63,66,67,68,70,71,73,80,83,87,90",255,255,255

4947,"2,3,4,5,6,7,8,10,11,22,23,24,25,26,27,28,30,33,34,35,37,39,40,42,43,44,46,47,48,49,51,62,63,66,67,68,69,70,71,73,80,83,87,90",0.189016,0.222247,-0.000125,0.000083,0.000081,0.000086,0.051925,0.002001,89.897698, ,0.805276,1.968909,39,White,Default, ,Regular,yes,no,0,n/a,n/a, ,"2,3,4,5,6,7,8,10,11,22,23,24,25,26,27,28,30,33,34,35,37,39,40,42,43,44,46,47,48,49,51,62,63,66,67,68,69,70,71,73,80,83,87,90",255,255,255

4818,"3,4,5,6,7,8,10,11,22,23,24,25,26,27,28,30,31,34,35,36,37,39,40,43,44,46,47,48,51,62,63,66,67,68,70,71,73,76,78,79,83,85,87",-0.402637,0.248957,-0.000119,0.000081,0.000079,0.000088,0.041982,0.001618,89.933387, ,0.779480,1.581102,73,White,Default, ,Regular,yes,no,0,n/a,n/a, ,"3,4,5,6,7,8,10,11,22,23,24,25,26,27,28,30,31,34,35,36,37,39,40,43,44,46,47,48,51,62,63,66,67,68,70,71,73,76,78,79,83,85,87",255,255,255

4501,"2,3,4,5,6,8,10,11,22,23,24,25,27,28,29,30,31,32,33,37,38,39,40,42,43,46,48,49,50,51,62,67,68,70,71,73,80,83,90",0.673152,0.457656,-0.000093,0.000078,0.000079,0.000089,0.042983,0.001656,89.999951, ,0.776232,2.103102,39,White,Default, ,Regular,yes,no,0,n/a,n/a, ,"2,3,4,5,6,8,10,11,22,23,24,25,27,28,29,30,31,32,33,37,38,39,40,42,43,46,48,49,50,51,62,67,68,70,71,73,80,83,90",255,255,255

4844,"3,4,5,6,7,8,10,23,24,25,26,27,28,30,34,35,36,37,39,40,43,44,46,47,48,50,51,62,63,66,67,68,69,70,71,73,75,76,78,79,80,83,85,86,87",-0.439369,0.031876,-0.000047,0.000077,0.000078,0.000086,0.042515,0.001638,89.986437, ,0.775295,1.479951,71,White,Default, ,Regular,yes,no,0,n/a,n/a, ,"3,4,5,6,7,8,10,23,24,25,26,27,28,30,34,35,36,37,39,40,43,44,46,47,48,50,51,62,63,66,67,68,69,70,71,73,75,76,78,79,80,83,85,86,87",255,255,255

4439,"2,3,8,10,11,22,23,25,27,28,30,31,33,37,38,39,40,42,43,44,46,47,48,49,50,51,62,63,67,68,70,71,73,80,83,87",0.421955,-0.026288,-0.000043,0.000088,0.000086,0.000094,0.051765,0.001995,89.846766, ,0.775194,1.900675,43,White,Default, ,Regular,yes,no,0,n/a,n/a, ,"2,3,8,10,11,22,23,25,27,28,30,31,33,37,38,39,40,42,43,44,46,47,48,49,50,51,62,63,67,68,70,71,73,80,83,87",255,255,255

3216,"3,4,5,6,7,8,10,11,22,23,24,25,26,27,28,30,31,34,35,37,38,39,40,43,44,46,47,48,49,51",-0.187730,0.248962,-0.000040,0.000099,0.000095,0.000104,0.046281,0.001784,89.995673, ,0.858407,1.844295,39,White,Default, ,Regular,yes,no,0,n/a,n/a, ,"3,4,5,6,7,8,10,11,22,23,24,25,26,27,28,30,31,34,35,37,38,39,40,43,44,46,47,48,49,51",255,255,255

4394,"3,4,5,6,7,8,10,23,24,25,26,27,28,30,34,35,36,39,40,43,44,46,47,48,62,63,66,67,68,70,71,73,75,76,78,79,83,85,86,87",-0.588869,0.222936,-0.000027,0.000077,0.000080,0.000090,0.043118,0.001662,89.983093, ,0.748497,1.543983,73,White,Default, ,Regular,yes,no,0,n/a,n/a, ,"3,4,5,6,7,8,10,23,24,25,26,27,28,30,34,35,36,39,40,43,44,46,47,48,62,63,66,67,68,70,71,73,75,76,78,79,83,85,86,87",255,255,255

4846,"2,3,4,5,6,7,8,11,22,24,25,26,27,28,30,34,35,36,37,40,43,44,46,47,48,49,62,63,66,67,68,69,71,73,75,76,78,83,85",-0.451050,0.775512,-0.000020,0.000080,0.000073,0.000088,0.042486,0.001637,89.946876, ,0.906853,2.247990,43,White,Default, ,Regular,yes,no,0,n/a,n/a, ,"2,3,4,5,6,7,8,11,22,24,25,26,27,28,30,34,35,36,37,40,43,44,46,47,48,49,62,63,66,67,68,69,71,73,75,76,78,83,85",255,255,255

4842,"3,4,5,6,7,8,10,11,22,23,24,25,26,27,28,30,31,34,35,36,37,39,40,43,44,46,47,48,50,51,62,63,66,67,68,69,70,71,73,76,78,79,80,83,85,86,87",-0.231227,0.031267,-0.000010,0.000081,0.000078,0.000085,0.045264,0.001744,89.981263, ,0.775490,1.894243,43,White,Default, ,Regular,yes,no,0,n/a,n/a, ,"3,4,5,6,7,8,10,11,22,23,24,25,26,27,28,30,31,34,35,36,37,39,40,43,44,46,47,48,50,51,62,63,66,67,68,69,70,71,73,76,78,79,80,83,85,86,87",255,255,255

4918,"3,4,6,7,8,10,11,23,24,25,26,27,28,30,31,33,35,36,37,38,39,40,43,44,46,47,48,49,50,51,62,63,66,67,68,69,70,71,73,78,80,83,87",0.000000,0.000000,0.000000,0.000084,0.000080,0.000087,0.048599,0.001873,89.919411, ,0.796392,1.904058,43,White,Default, ,Regular,yes,no,0,n/a,n/a, ,"3,4,6,7,8,10,11,23,24,25,26,27,28,30,31,33,35,36,37,38,39,40,43,44,46,47,48,49,50,51,62,63,66,67,68,69,70,71,73,78,80,83,87",255,255,255

4817,"2,3,4,5,6,8,10,11,22,23,24,25,26,27,28,30,31,32,35,36,37,40,42,43,44,46,47,48,49,51,62,63,66,67,68,69,70,71,73,75,76,78,83,85,90",-0.157167,0.741025,0.000010,0.000082,0.000071,0.000084,0.043659,0.001683,89.950614, ,0.841793,1.753953,71,White,Default, ,Regular,yes,no,0,n/a,n/a, ,"2,3,4,5,6,8,10,11,22,23,24,25,26,27,28,30,31,32,35,36,37,40,42,43,44,46,47,48,49,51,62,63,66,67,68,69,70,71,73,75,76,78,83,85,90",255,255,255

4511,"2,10,11,22,23,27,29,30,31,33,38,39,43,49,50,51,62,63,68,70,71,73,87",0.717424,-0.084766,0.000025,0.000094,0.000093,0.000119,0.030721,0.001184,89.930308, ,0.774972,1.384755,11,White,Default, ,Regular,yes,no,0,n/a,n/a, ,"2,10,11,22,23,27,29,30,31,33,38,39,43,49,50,51,62,63,68,70,71,73,87",255,255,255

4820,"3,4,5,6,7,8,22,23,24,25,26,27,28,30,31,34,35,36,39,40,43,44,46,47,48,63,66,67,68,69,70,71,75,76,77,78,79,83,85,86,87",-0.619893,0.029993,0.000064,0.000075,0.000078,0.000090,0.033206,0.001280,89.927223, ,0.672784,1.288730,22,White,Default, ,Regular,yes,no,0,n/a,n/a, ,"3,4,5,6,7,8,22,23,24,25,26,27,28,30,31,34,35,36,39,40,43,44,46,47,48,63,66,67,68,69,70,71,75,76,77,78,79,83,85,86,87",255,255,255

4377,"2,3,4,7,8,10,11,22,23,24,25,26,27,28,30,31,33,37,38,39,40,43,44,46,47,48,49,50,51,62,63,66,67,68,70,71,73,78,80,87",0.229293,-0.022412,0.000082,0.000087,0.000083,0.000089,0.048462,0.001868,89.990531, ,0.808757,1.715378,43,White,Default, ,Regular,yes,no,0,n/a,n/a, ,"2,3,4,7,8,10,11,22,23,24,25,26,27,28,30,31,33,37,38,39,40,43,44,46,47,48,49,50,51,62,63,66,67,68,70,71,73,78,80,87",255,255,255

4509,"2,10,11,23,27,29,30,31,33,38,39,43,51,62,68,70,71,73",0.881304,-0.086046,0.000107,0.000098,0.000098,0.000134,0.027435,0.001057,89.445037, ,0.660439,1.294397,43,White,Default, ,Regular,yes,no,0,n/a,n/a, ,"2,10,11,23,27,29,30,31,33,38,39,43,51,62,68,70,71,73",255,255,255

3179,"2,3,4,8,10,11,22,23,24,27,28,29,30,31,32,33,37,38,39,42,43,51,68,73,83,90",1.006236,0.465265,0.000141,0.000077,0.000085,0.000103,0.047413,0.001827,89.970384, ,0.959577,1.843572,39,White,Default, ,Regular,yes,no,0,n/a,n/a, ,"2,3,4,8,10,11,22,23,24,27,28,29,30,31,32,33,37,38,39,42,43,51,68,73,83,90",255,255,255

4816,"3,4,5,6,7,8,10,23,24,25,26,27,28,29,30,34,36,39,40,43,44,46,47,48,49,50,62,63,66,67,68,69,70,71,73,76,77,78,79,83,85,86,87",-0.525417,-0.194780,0.000163,0.000074,0.000074,0.000087,0.046889,0.001807,89.983847, ,0.703094,1.940474,73,White,Default, ,Regular,yes,no,0,n/a,n/a, ,"3,4,5,6,7,8,10,23,24,25,26,27,28,29,30,34,36,39,40,43,44,46,47,48,49,50,62,63,66,67,68,69,70,71,73,76,77,78,79,83,85,86,87",255,255,255

4841,"3,4,6,7,8,10,11,22,23,24,26,27,28,30,31,33,34,36,37,39,40,43,44,46,47,48,49,51,62,63,66,67,68,69,70,71,73,76,77,78,79,83,85,86,87",-0.310872,-0.218360,0.000166,0.000080,0.000076,0.000087,0.045397,0.001749,89.990003, ,0.725205,1.872829,43,White,Default, ,Regular,yes,no,0,n/a,n/a, ,"3,4,6,7,8,10,11,22,23,24,26,27,28,30,31,33,34,36,37,39,40,43,44,46,47,48,49,51,62,63,66,67,68,69,70,71,73,76,77,78,79,83,85,86,87",255,255,255

4420,"2,3,4,5,6,8,10,11,22,23,24,25,26,27,28,29,30,31,32,35,37,38,42,43,44,46,48,50,62,63,66,67,68,69,70,71,73,75,83,90",0.199184,0.736398,0.000197,0.000083,0.000073,0.000089,0.041240,0.001589,89.976737, ,0.722492,1.879014,6,White,Default, ,Regular,yes,no,0,n/a,n/a, ,"2,3,4,5,6,8,10,11,22,23,24,25,26,27,28,29,30,31,32,35,37,38,42,43,44,46,48,50,62,63,66,67,68,69,70,71,73,75,83,90",255,255,255

4421,"2,3,4,6,7,8,10,11,22,23,24,25,27,28,30,31,33,34,37,38,39,40,43,46,47,48,49,50,51,62,63,66,67,68,70,71,73,79,80,87",0.255328,-0.231251,0.000235,0.000087,0.000080,0.000088,0.051198,0.001973,89.894159, ,0.778611,2.387813,25,White,Default, ,Regular,yes,no,0,n/a,n/a, ,"2,3,4,6,7,8,10,11,22,23,24,25,27,28,30,31,33,34,37,38,39,40,43,46,47,48,49,50,51,62,63,66,67,68,70,71,73,79,80,87",255,255,255

4416,"2,3,4,5,6,8,10,11,22,23,24,25,28,29,30,31,32,33,35,37,42,43,49,50,62,63,66,68,70,71,73,83,90",0.502186,0.718003,0.000271,0.000083,0.000077,0.000097,0.039161,0.001509,89.990867, ,0.780739,1.930117,6,White,Default, ,Regular,yes,no,0,n/a,n/a, ,"2,3,4,5,6,8,10,11,22,23,24,25,28,29,30,31,32,33,35,37,42,43,49,50,62,63,66,68,70,71,73,83,90",255,255,255

4517,"2,3,8,10,11,22,23,25,27,28,29,30,31,32,33,37,38,39,40,41,42,43,49,50,51,62,63,68,70,71,73,80,87,90",0.712882,-0.233777,0.000298,0.000079,0.000081,0.000094,0.037019,0.001427,89.920836, ,0.680462,1.852239,43,White,Default, ,Regular,yes,no,0,n/a,n/a, ,"2,3,8,10,11,22,23,25,27,28,29,30,31,32,33,37,38,39,40,41,42,43,49,50,51,62,63,68,70,71,73,80,87,90",255,255,255

3618,"2,3,4,8,10,11,22,23,24,27,28,29,30,31,32,33,37,38,39,42,43,50,51,62,63,70,71,73,90",1.061388,-0.082825,0.000301,0.000070,0.000081,0.000099,0.032195,0.001241,89.355377, ,0.567642,1.565557,73,White,Default, ,Regular,yes,no,0,n/a,n/a, ,"2,3,4,8,10,11,22,23,24,27,28,29,30,31,32,33,37,38,39,42,43,50,51,62,63,70,71,73,90",255,255,255

1312,"2,3,11,22,23,24,25,27,31,32,33,37,38,42,43,70,71,73,90",1.310064,0.662509,0.000351,0.000070,0.000083,0.000117,0.059720,0.002301,89.251288, ,1.938259,5.458822,43,White,Default, ,Regular,yes,no,0,n/a,n/a, ,"2,3,11,22,23,24,25,27,31,32,33,37,38,42,43,70,71,73,90",255,255,255

4442,"2,10,11,22,23,27,30,31,33,37,38,39,40,41,43,47,48,49,50,51,62,63,67,68,70,71,80,87",0.650842,-0.463963,0.000371,0.000090,0.000084,0.000102,0.047594,0.001834,89.998466, ,0.836618,2.450544,43,White,Default, ,Regular,yes,no,0,n/a,n/a, ,"2,10,11,22,23,27,30,31,33,37,38,39,40,41,43,47,48,49,50,51,62,63,67,68,70,71,80,87",255,255,255

2022,"2,3,4,11,22,23,24,25,28,29,31,32,33,37,38,39,42,43,51,68,70,71,73,90",1.250017,0.449940,0.000377,0.000068,0.000081,0.000104,0.044615,0.001719,89.700349, ,1.195455,3.346768,43,White,Default, ,Regular,yes,no,0,n/a,n/a, ,"2,3,4,11,22,23,24,25,28,29,31,32,33,37,38,39,42,43,51,68,70,71,73,90",255,255,255

4884,"2,3,4,7,8,10,11,22,23,27,28,30,31,33,34,37,38,39,40,41,42,43,48,49,50,51,62,63,66,67,68,70,71,73,78,79,80,86,87",0.434890,-0.492637,0.000377,0.000085,0.000076,0.000088,0.045621,0.001758,89.871911, ,0.749997,2.358217,43,White,Default, ,Regular,yes,no,0,n/a,n/a, ,"2,3,4,7,8,10,11,22,23,27,28,30,31,33,34,37,38,39,40,41,42,43,48,49,50,51,62,63,66,67,68,70,71,73,78,79,80,86,87",255,255,255

3584,"2,3,5,11,22,23,24,25,27,29,31,32,33,37,38,42,43,51,70,71,73,90",1.053556,0.686168,0.000378,0.000077,0.000083,0.000113,0.046848,0.001805,89.981068, ,1.213744,3.384554,43,White,Default, ,Regular,yes,no,0,n/a,n/a, ,"2,3,5,11,22,23,24,25,27,29,31,32,33,37,38,42,43,51,70,71,73,90",255,255,255

4424,"2,3,4,6,7,8,10,11,22,23,24,25,27,28,30,31,33,34,36,38,39,40,41,43,46,47,48,49,50,51,63,66,67,68,70,71,73,78,79,80,83,86,87",-0.015398,-0.473470,0.000400,0.000085,0.000073,0.000087,0.063637,0.002452,89.987986, ,0.818339,2.848554,43,White,Default, ,Regular,yes,no,0,n/a,n/a, ,"2,3,4,6,7,8,10,11,22,23,24,25,27,28,30,31,33,34,36,38,39,40,41,43,46,47,48,49,50,51,63,66,67,68,70,71,73,78,79,80,83,86,87",255,255,255

4851,"3,4,6,7,8,10,24,27,28,29,30,31,33,34,39,40,43,44,46,47,48,49,50,51,63,66,67,68,70,71,77,78,79,80,85,86,87",-0.297422,-0.451036,0.000405,0.000084,0.000074,0.000094,0.051263,0.001976,89.976366, ,0.742686,2.666006,43,White,Default, ,Regular,yes,no,0,n/a,n/a, ,"3,4,6,7,8,10,24,27,28,29,30,31,33,34,39,40,43,44,46,47,48,49,50,51,63,66,67,68,70,71,77,78,79,80,85,86,87",255,255,255

4422,"2,3,4,7,8,10,11,22,23,24,27,28,30,31,33,34,38,39,40,41,43,46,47,48,49,50,51,62,63,66,67,68,70,71,73,79,80,86,87",0.198746,-0.472070,0.000432,0.000087,0.000076,0.000088,0.054781,0.002111,89.996121, ,0.742522,2.618087,43,White,Default, ,Regular,yes,no,0,n/a,n/a, ,"2,3,4,7,8,10,11,22,23,24,27,28,30,31,33,34,38,39,40,41,43,46,47,48,49,50,51,62,63,66,67,68,70,71,73,79,80,86,87",255,255,255

4497,"2,3,4,5,10,11,22,23,24,25,27,28,29,30,31,32,33,37,38,39,42,43,50,51,62,63,68,70,71,73,83,90",0.738731,0.704947,0.000448,0.000077,0.000075,0.000096,0.050849,0.001960,89.860360, ,0.951516,2.451894,39,White,Default, ,Regular,yes,no,0,n/a,n/a, ,"2,3,4,5,10,11,22,23,24,25,27,28,29,30,31,32,33,37,38,39,42,43,50,51,62,63,68,70,71,73,83,90",255,255,255

4822,"3,4,5,6,7,8,23,24,25,26,27,28,29,30,34,35,36,39,40,43,44,46,47,48,49,50,63,66,67,68,69,70,71,75,76,77,78,79,83,85,86,87",-0.759600,-0.201560,0.000451,0.000068,0.000071,0.000086,0.040047,0.001543,89.896029, ,0.597929,1.410186,23,White,Default, ,Regular,yes,no,0,n/a,n/a, ,"3,4,5,6,7,8,23,24,25,26,27,28,29,30,34,35,36,39,40,43,44,46,47,48,49,50,63,66,67,68,69,70,71,75,76,77,78,79,83,85,86,87",255,255,255

4437,"2,3,8,10,11,22,23,25,27,28,29,30,31,32,33,37,38,39,40,41,42,43,47,49,50,51,62,67,68,70,71,73,80,87,90",0.857930,-0.434799,0.000469,0.000074,0.000074,0.000090,0.054807,0.002112,89.950974, ,1.073501,3.626954,29,White,Default, ,Regular,yes,no,0,n/a,n/a, ,"2,3,8,10,11,22,23,25,27,28,29,30,31,32,33,37,38,39,40,41,42,43,47,49,50,51,62,67,68,70,71,73,80,87,90",255,255,255

3583,"2,3,22,23,24,25,27,31,32,33,37,38,42,43,51,63,70,71,73,83,90",1.341381,0.515640,0.000475,0.000069,0.000084,0.000112,0.050561,0.001949,89.141397, ,1.590655,4.759591,43,White,Default, ,Regular,yes,no,0,n/a,n/a, ,"2,3,22,23,24,25,27,31,32,33,37,38,42,43,51,63,70,71,73,83,90",255,255,255

4510,"2,3,4,8,10,11,22,23,24,25,27,28,29,30,31,32,33,37,38,39,40,41,42,43,50,51,62,63,68,70,71,73,80,87,90",1.090181,-0.251864,0.000507,0.000066,0.000075,0.000090,0.041244,0.001589,89.882451, ,0.859561,2.445405,29,White,Default, ,Regular,yes,no,0,n/a,n/a, ,"2,3,4,8,10,11,22,23,24,25,27,28,29,30,31,32,33,37,38,39,40,41,42,43,50,51,62,63,68,70,71,73,80,87,90",255,255,255

8,"2,3,4,5,6,7,8,10,11,22,23,24,25,26,27,28,30,31,32,33,34,35,36,37,38,39,40,41,42,43,44,46,47,48,51,62,63,66,67,68,71,73,75,76,77,78,79,80,83,85,86,87,90",-0.531157,0.342073,0.000515,0.000075,0.000074,0.000081,0.046190,0.001780,89.991097, ,0.819574,1.796272,22,White,Default, ,Regular,yes,no,0,8,RAD Coded, ,"2,3,4,5,6,7,8,10,11,13,14,16,17,18,22,23,24,25,26,27,28,30,31,32,33,34,35,36,37,38,39,40,41,42,43,44,45,46,47,48,51,54,55,56,57,58,62,63,64,66,67,68,71,73,74,75,76,77,78,79,80,83,85,86,87,90",255,255,255

4848,"3,4,5,6,7,8,10,22,25,26,27,35,36,43,44,46,47,48,63,66,67,68,71,73,75,76,77,78,83,85,87",-0.777246,0.463482,0.000538,0.000079,0.000083,0.000098,0.045213,0.001742,89.955085, ,0.810061,1.944745,22,White,Default, ,Regular,yes,no,0,n/a,n/a, ,"3,4,5,6,7,8,10,22,25,26,27,35,36,43,44,46,47,48,63,66,67,68,71,73,75,76,77,78,83,85,87",255,255,255

1333,"2,4,8,10,11,22,23,24,27,28,30,31,32,33,37,38,39,41,42,43,50,51,62,67,68,70,71,80,87,90",1.024417,-0.414023,0.000543,0.000076,0.000080,0.000097,0.045024,0.001735,89.845724, ,0.832740,1.955482,71,White,Default, ,Regular,yes,no,0,n/a,n/a, ,"2,4,8,10,11,22,23,24,27,28,30,31,32,33,37,38,39,41,42,43,50,51,62,67,68,70,71,80,87,90",255,255,255

4856,"3,4,5,6,7,8,10,24,25,26,27,28,29,30,31,33,34,35,39,40,41,43,46,47,48,49,50,63,66,67,68,70,71,77,78,79,85,86,87",-0.417864,-0.619757,0.000556,0.000078,0.000066,0.000091,0.068856,0.002654,89.986092, ,0.989895,3.058518,43,White,Default, ,Regular,yes,no,0,n/a,n/a, ,"3,4,5,6,7,8,10,24,25,26,27,28,29,30,31,33,34,35,39,40,41,43,46,47,48,49,50,63,66,67,68,70,71,77,78,79,85,86,87",255,255,255

4827,"3,4,5,6,7,8,23,24,25,26,27,29,30,34,35,36,39,40,43,44,46,47,48,49,63,66,67,68,69,70,71,73,76,77,78,79,83,85,86,87",-0.827915,0.024409,0.000568,0.000069,0.000075,0.000087,0.046510,0.001792,89.926884, ,0.701939,2.111130,73,White,Default, ,Regular,yes,no,0,n/a,n/a, ,"3,4,5,6,7,8,23,24,25,26,27,29,30,34,35,36,39,40,43,44,46,47,48,49,63,66,67,68,69,70,71,73,76,77,78,79,83,85,86,87",255,255,255

4843,"3,4,5,6,7,8,10,24,25,26,27,28,29,30,31,34,36,39,40,43,44,46,47,48,49,50,63,66,67,68,70,71,76,77,78,79,83,85,86,87",-0.529393,-0.425979,0.000575,0.000076,0.000072,0.000091,0.047289,0.001822,89.997673, ,0.682157,2.283118,43,White,Default, ,Regular,yes,no,0,n/a,n/a, ,"3,4,5,6,7,8,10,24,25,26,27,28,29,30,31,34,36,39,40,43,44,46,47,48,49,50,63,66,67,68,70,71,76,77,78,79,83,85,86,87",255,255,255

1353,"3,4,5,6,7,8,24,25,26,27,34,35,36,43,44,46,47,48,62,66,67,68,69,71,73,75,76,78,83,85",-0.708916,0.787360,0.000575,0.000078,0.000078,0.000098,0.049672,0.001914,89.786249, ,1.084396,3.616269,43,White,Default, ,Regular,yes,no,0,n/a,n/a, ,"3,4,5,6,7,8,24,25,26,27,34,35,36,43,44,46,47,48,62,66,67,68,69,71,73,75,76,78,83,85",255,255,255

3191,"2,4,8,10,11,22,23,27,28,29,30,31,32,33,38,39,41,42,43,50,51,70,71,73,87,90",1.267603,-0.078277,0.000585,0.000065,0.000079,0.000103,0.038570,0.001486,89.784921, ,0.830343,2.246961,73,White,Default, ,Regular,yes,no,0,n/a,n/a, ,"2,4,8,10,11,22,23,27,28,29,30,31,32,33,38,39,41,42,43,50,51,70,71,73,87,90",255,255,255

4397,"5,6,7,8,10,24,25,26,27,28,29,30,34,35,36,39,40,46,47,48,49,50,63,66,67,68,70,71,76,77,78,79,80,85,86,87",-0.644943,-0.579813,0.000607,0.000073,0.000066,0.000094,0.037461,0.001444,89.981608, ,0.820488,2.155940,49,White,Default, ,Regular,yes,no,0,n/a,n/a, ,"5,6,7,8,10,24,25,26,27,28,29,30,34,35,36,39,40,46,47,48,49,50,63,66,67,68,70,71,76,77,78,79,80,85,86,87",255,255,255

4389,"2,3,4,5,6,22,25,26,27,35,36,37,43,44,46,47,48,62,66,67,68,69,73,75,76,78,83,85",-0.518566,1.046038,0.000607,0.000088,0.000074,0.000099,0.053506,0.002062,89.819600, ,1.407351,4.598602,43,White,Default, ,Regular,yes,no,0,n/a,n/a, ,"2,3,4,5,6,22,25,26,27,35,36,37,43,44,46,47,48,62,66,67,68,69,73,75,76,78,83,85",255,255,255

4432,"2,3,4,8,10,11,22,23,24,25,27,28,29,30,31,32,33,37,38,39,40,41,42,43,47,49,50,51,62,67,68,70,71,80,87,90",0.918205,-0.238448,0.000623,0.000072,0.000076,0.000089,0.044058,0.001698,89.922699, ,0.767007,2.022318,29,White,Default, ,Regular,yes,no,0,n/a,n/a, ,"2,3,4,8,10,11,22,23,24,25,27,28,29,30,31,32,33,37,38,39,40,41,42,43,47,49,50,51,62,67,68,70,71,80,87,90",255,255,255

4873,"3,4,6,7,8,10,22,24,25,27,28,29,30,31,33,34,39,40,41,43,44,46,47,48,49,50,63,66,67,68,70,71,77,78,79,80,85,86,87",-0.214553,-0.620783,0.000624,0.000083,0.000068,0.000091,0.068021,0.002621,89.950049, ,0.984959,3.078198,43,White,Default, ,Regular,yes,no,0,n/a,n/a, ,"3,4,6,7,8,10,22,24,25,27,28,29,30,31,33,34,39,40,41,43,44,46,47,48,49,50,63,66,67,68,70,71,77,78,79,80,85,86,87",255,255,255

3999,"3,4,5,6,7,8,10,24,25,26,27,28,29,30,34,35,36,37,39,40,43,44,46,47,48,49,66,67,68,70,71,76,77,78,79,83,85,86,87",-0.749239,-0.420669,0.000649,0.000068,0.000069,0.000091,0.039304,0.001515,89.975290, ,0.683981,1.923863,43,White,Default, ,Regular,yes,no,0,n/a,n/a, ,"3,4,5,6,7,8,10,24,25,26,27,28,29,30,34,35,36,37,39,40,43,44,46,47,48,49,66,67,68,70,71,76,77,78,79,83,85,86,87",255,255,255

1322,"2,4,8,11,22,23,24,27,30,31,32,33,38,39,40,41,43,50,51,70,71,73,90",1.324751,-0.271125,0.000656,0.000069,0.000085,0.000112,0.043251,0.001667,89.799121, ,1.359890,2.514941,39,White,Default, ,Regular,yes,no,0,n/a,n/a, ,"2,4,8,11,22,23,24,27,30,31,32,33,38,39,40,41,43,50,51,70,71,73,90",255,255,255

4418,"2,3,4,7,8,10,11,23,24,26,27,28,30,31,33,37,38,39,40,41,43,44,47,49,50,51,62,63,66,67,68,70,71,79,80,86,87",0.472731,-0.665239,0.000711,0.000084,0.000071,0.000087,0.056897,0.002193,89.945158, ,0.940117,2.925372,43,White,Default, ,Regular,yes,no,0,n/a,n/a, ,"2,3,4,7,8,10,11,23,24,26,27,28,30,31,33,37,38,39,40,41,43,44,47,49,50,51,62,63,66,67,68,70,71,79,80,86,87",255,255,255

4035,"2,3,4,6,7,8,10,11,22,23,24,26,27,28,30,31,33,34,38,39,40,41,43,46,47,48,49,50,51,62,63,66,67,68,70,71,73,78,79,80,86,87",0.247516,-0.659667,0.000717,0.000085,0.000068,0.000084,0.064874,0.002500,89.991063, ,0.968483,3.047551,43,White,Default, ,Regular,yes,no,0,n/a,n/a, ,"2,3,4,6,7,8,10,11,22,23,24,26,27,28,30,31,33,34,38,39,40,41,43,46,47,48,49,50,51,62,63,66,67,68,70,71,73,78,79,80,86,87",255,255,255

3185,"6,7,8,10,11,24,25,27,28,29,30,31,33,34,38,39,40,41,46,47,48,49,50,51,62,63,66,67,68,70,71,78,79,80,86,87",0.046915,-0.638863,0.000724,0.000089,0.000068,0.000092,0.047610,0.001835,89.935190, ,0.933642,3.065849,29,White,Default, ,Regular,yes,no,0,n/a,n/a, ,"6,7,8,10,11,24,25,27,28,29,30,31,33,34,38,39,40,41,46,47,48,49,50,51,62,63,66,67,68,70,71,78,79,80,86,87",255,255,255

7,"2,3,4,5,6,7,8,10,11,22,23,24,25,26,27,28,29,30,31,32,33,34,35,36,37,38,39,40,41,42,43,44,46,47,48,49,50,51,62,63,66,67,68,69,70,71,73,75,76,78,79,80,83,87,90",0.612379,0.326472,0.000725,0.000073,0.000072,0.000078,0.053560,0.002064,89.984983, ,0.790265,2.164418,39,White,Default, ,Regular,yes,no,0,7,RAD Coded, ,"2,3,4,5,6,7,8,10,11,12,13,14,18,19,20,21,22,23,24,25,26,27,28,29,30,31,32,33,34,35,36,37,38,39,40,41,42,43,44,46,47,48,49,50,51,53,54,58,59,60,62,63,64,65,66,67,68,69,70,71,72,73,75,76,78,79,80,81,82,83,87,89,90",255,255,255

1385,"3,4,5,7,8,24,25,26,27,29,34,35,36,39,40,44,46,47,49,63,66,67,69,75,76,77,78,79,83,85,86",-1.245456,0.038517,0.000729,0.000062,0.000076,0.000095,0.043914,0.001692,89.931017, ,1.002106,2.473793,29,White,Default, ,Regular,yes,no,0,n/a,n/a, ,"3,4,5,7,8,24,25,26,27,29,34,35,36,39,40,44,46,47,49,63,66,67,69,75,76,77,78,79,83,85,86",255,255,255

4836,"3,4,5,7,8,24,25,27,29,34,35,36,39,40,43,44,47,48,63,67,75,76,77,78,79,83,85,86",-1.298098,-0.179492,0.000735,0.000065,0.000083,0.000097,0.049707,0.001916,89.932624, ,1.582860,5.487163,48,White,Default, ,Regular,yes,no,0,n/a,n/a, ,"3,4,5,7,8,24,25,27,29,34,35,36,39,40,43,44,47,48,63,67,75,76,77,78,79,83,85,86",255,255,255

4828,"3,4,5,6,7,8,24,25,26,27,28,29,34,35,36,39,40,43,44,46,47,48,49,63,66,67,68,69,70,76,77,78,79,83,85,86,87",-0.975911,-0.199902,0.000738,0.000062,0.000070,0.000088,0.022655,0.000873,89.948531, ,0.594189,1.304397,49,White,Default, ,Regular,yes,no,0,n/a,n/a, ,"3,4,5,6,7,8,24,25,26,27,28,29,34,35,36,39,40,43,44,46,47,48,49,63,66,67,68,69,70,76,77,78,79,83,85,86,87",255,255,255

5,"2,3,5,6,8,22,23,24,25,26,27,28,31,32,33,37,38,39,40,41,42,43,44,49,50,51,62,63,66,67,68,69,70,71,73,80,83,87,90",1.390645,0.426134,0.000742,0.000060,0.000071,0.000086,0.074507,0.002871,89.970095, ,1.767733,5.414641,44,White,Default, ,Regular,yes,no,0,5,RAD Coded, ,"2,3,5,6,8,12,22,23,24,25,26,27,28,31,32,33,37,38,39,40,41,42,43,44,49,50,51,52,60,61,62,63,65,66,67,68,69,70,71,72,73,80,81,82,83,87,89,90",255,255,255

3027,"2,3,4,5,6,11,22,23,24,25,26,27,31,35,36,37,42,43,44,46,47,48,49,62,63,66,67,68,69,70,73,75,76,83,85,90",-0.283029,1.036354,0.000789,0.000083,0.000064,0.000090,0.054770,0.002111,89.821470, ,1.329741,3.287262,43,White,Default, ,Regular,yes,no,0,n/a,n/a, ,"2,3,4,5,6,11,22,23,24,25,26,27,31,35,36,37,42,43,44,46,47,48,49,62,63,66,67,68,69,70,73,75,76,83,85,90",255,255,255

3698,"3,4,5,6,7,8,23,24,25,26,27,34,35,36,39,40,43,44,46,47,48,49,62,63,66,67,68,69,70,71,75,76,77,78,79,83,85,86,87",-0.797334,0.208607,0.000791,0.000071,0.000077,0.000088,0.042193,0.001626,89.932595, ,0.641317,1.700062,71,White,Default, ,Regular,yes,no,0,n/a,n/a, ,"3,4,5,6,7,8,23,24,25,26,27,34,35,36,39,40,43,44,46,47,48,49,62,63,66,67,68,69,70,71,75,76,77,78,79,83,85,86,87",255,255,255

1317,"2,3,4,10,11,22,23,24,27,28,29,31,32,33,38,39,40,42,43,50,51,62,70,71,73,90",1.251095,0.161661,0.000796,0.000066,0.000081,0.000102,0.031224,0.001203,89.953815, ,0.744246,1.830298,73,White,Default, ,Regular,yes,no,0,n/a,n/a, ,"2,3,4,10,11,22,23,24,27,28,29,31,32,33,38,39,40,42,43,50,51,62,70,71,73,90",255,255,255

1349,"2,3,4,7,8,10,11,22,23,27,28,30,31,33,34,37,38,39,40,41,43,46,47,49,50,51,62,63,66,67,68,70,71,80,86,87",0.637858,-0.670039,0.000799,0.000082,0.000071,0.000088,0.056991,0.002196,89.955194, ,1.134628,2.610739,43,White,Default, ,Regular,yes,no,0,n/a,n/a, ,"2,3,4,7,8,10,11,22,23,27,28,30,31,33,34,37,38,39,40,41,43,46,47,49,50,51,62,63,66,67,68,70,71,80,86,87",255,255,255

4011,"4,5,6,7,8,24,25,26,27,28,29,34,35,36,39,40,44,46,47,48,49,63,66,67,68,70,75,76,77,78,79,83,85,86",-1.139164,-0.203605,0.000827,0.000058,0.000069,0.000090,0.042337,0.001632,89.965043, ,1.177220,4.355491,68,White,Default, ,Regular,yes,no,0,n/a,n/a, ,"4,5,6,7,8,24,25,26,27,28,29,34,35,36,39,40,44,46,47,48,49,63,66,67,68,70,75,76,77,78,79,83,85,86",255,255,255

4376,"2,3,4,5,6,8,10,11,22,23,24,25,26,27,28,30,31,32,35,37,42,43,46,48,62,63,66,68,70,71,73,75,83,90",0.117160,0.997424,0.000857,0.000088,0.000067,0.000094,0.051014,0.001966,89.978003, ,1.192849,2.662494,23,White,Default, ,Regular,yes,no,0,n/a,n/a, ,"2,3,4,5,6,8,10,11,22,23,24,25,26,27,28,30,31,32,35,37,42,43,46,48,62,63,66,68,70,71,73,75,83,90",255,255,255

1668,"2,3,10,11,22,23,25,26,27,30,31,32,33,37,38,39,40,41,42,43,49,50,51,62,68,70,71,80,87,90",0.814920,-0.647194,0.000879,0.000081,0.000079,0.000099,0.059243,0.002283,89.958766, ,1.271823,3.070972,49,White,Default, ,Regular,yes,no,0,n/a,n/a, ,"2,3,10,11,22,23,25,26,27,30,31,32,33,37,38,39,40,41,42,43,49,50,51,62,68,70,71,80,87,90",255,255,255

4004,"4,5,6,7,8,24,25,26,27,28,29,34,35,36,39,40,43,44,46,47,48,49,66,67,68,70,71,75,76,77,78,79,80,83,85,86,87",-0.919817,-0.396211,0.000885,0.000063,0.000068,0.000091,0.036814,0.001419,89.985829, ,0.727665,2.522505,49,White,Default, ,Regular,yes,no,0,n/a,n/a, ,"4,5,6,7,8,24,25,26,27,28,29,34,35,36,39,40,43,44,46,47,48,49,66,67,68,70,71,75,76,77,78,79,80,83,85,86,87",255,255,255

4405,"4,5,6,7,8,24,25,26,27,34,35,36,43,44,46,47,48,66,67,68,69,71,73,75,76,78,83,85,87",-0.973150,0.489893,0.000928,0.000069,0.000080,0.000099,0.041159,0.001586,89.924257, ,0.921562,2.776286,43,White,Default, ,Regular,yes,no,0,n/a,n/a, ,"4,5,6,7,8,24,25,26,27,34,35,36,43,44,46,47,48,66,67,68,69,71,73,75,76,78,83,85,87",255,255,255

1402,"3,4,5,6,25,26,27,35,36,43,44,46,47,48,62,66,67,68,69,73,75,76,78,83,85,87",-0.934583,0.794474,0.000953,0.000075,0.000079,0.000101,0.068500,0.002640,89.976329, ,1.450133,5.756086,43,White,Default, ,Regular,yes,no,0,n/a,n/a, ,"3,4,5,6,25,26,27,35,36,43,44,46,47,48,62,66,67,68,69,73,75,76,78,83,85,87",255,255,255

1327,"2,4,11,22,23,27,30,31,32,33,37,38,39,40,41,42,43,50,51,62,70,71,80,87,90",1.210581,-0.471481,0.000981,0.000073,0.000088,0.000108,0.050483,0.001946,89.730557, ,1.252043,2.986272,39,White,Default, ,Regular,yes,no,0,n/a,n/a, ,"2,4,11,22,23,27,30,31,32,33,37,38,39,40,41,42,43,50,51,62,70,71,80,87,90",255,255,255

3028,"2,3,5,6,22,23,25,26,27,35,36,37,46,47,48,66,67,68,69,73,75,76,78,83,85",-0.711812,1.053166,0.001010,0.000093,0.000085,0.000105,0.053233,0.002052,89.924388, ,1.327996,2.916014,23,White,Default, ,Regular,yes,no,0,n/a,n/a, ,"2,3,5,6,22,23,25,26,27,35,36,37,46,47,48,66,67,68,69,73,75,76,78,83,85",255,255,255

1379,"4,5,6,7,8,24,25,26,27,28,34,35,36,40,43,44,46,47,49,66,67,69,75,76,77,78,79,83,85,86",-1.223770,0.212791,0.001025,0.000060,0.000076,0.000098,0.038186,0.001472,89.932630, ,0.826025,1.906808,43,White,Default, ,Regular,yes,no,0,n/a,n/a, ,"4,5,6,7,8,24,25,26,27,28,34,35,36,40,43,44,46,47,49,66,67,69,75,76,77,78,79,83,85,86",255,255,255

1303,"2,3,10,11,22,23,25,27,30,31,32,33,37,38,39,40,41,42,43,50,51,63,70,71,73,80,87",0.966207,-0.651174,0.001037,0.000081,0.000086,0.000106,0.052850,0.002037,89.622086, ,1.343557,2.815339,71,White,Default, ,Regular,yes,no,0,n/a,n/a, ,"2,3,10,11,22,23,25,27,30,31,32,33,37,38,39,40,41,42,43,50,51,63,70,71,73,80,87",255,255,255

3207,"4,5,7,24,25,26,27,29,30,34,35,36,39,40,44,46,47,67,70,76,77,78,79,80,83,85,86,87",-1.215803,-0.549989,0.001037,0.000067,0.000079,0.000102,0.043835,0.001689,89.979050, ,1.254018,2.469464,67,White,Default, ,Regular,yes,no,0,n/a,n/a, ,"4,5,7,24,25,26,27,29,30,34,35,36,39,40,44,46,47,67,70,76,77,78,79,80,83,85,86,87",255,255,255

3199,"2,5,11,22,25,27,29,31,32,33,37,38,42,71,73,90",1.142187,0.967792,0.001043,0.000090,0.000095,0.000133,0.069375,0.002674,89.887087, ,2.117270,5.396155,22,White,Default, ,Regular,yes,no,0,n/a,n/a, ,"2,5,11,22,25,27,29,31,32,33,37,38,42,71,73,90",255,255,255

3203,"4,5,6,7,24,25,26,27,29,34,35,36,39,40,44,46,47,50,66,67,70,71,76,77,78,79,80,85,86,87",-0.884469,-0.576678,0.001044,0.000079,0.000080,0.000102,0.035988,0.001387,89.976304, ,0.898009,2.293966,6,White,Default, ,Regular,yes,no,0,n/a,n/a, ,"4,5,6,7,24,25,26,27,29,34,35,36,39,40,44,46,47,50,66,67,70,71,76,77,78,79,80,85,86,87",255,255,255

3206,"4,5,6,7,24,25,26,27,29,34,35,36,39,40,44,46,47,48,66,67,70,76,77,78,79,80,83,85,86,87",-1.128259,-0.395982,0.001074,0.000064,0.000075,0.000099,0.029817,0.001149,89.865917, ,0.906885,2.138236,48,White,Default, ,Regular,yes,no,0,n/a,n/a, ,"4,5,6,7,24,25,26,27,29,34,35,36,39,40,44,46,47,48,66,67,70,76,77,78,79,80,83,85,86,87",255,255,255

4834,"3,4,5,6,7,8,24,25,26,27,29,34,35,36,40,43,44,46,47,48,49,63,66,67,68,69,75,76,77,78,79,83,85,86,87",-1.041058,0.221088,0.001079,0.000063,0.000075,0.000090,0.034587,0.001333,89.943111, ,0.624110,1.976752,29,White,Default, ,Regular,yes,no,0,n/a,n/a, ,"3,4,5,6,7,8,24,25,26,27,29,34,35,36,40,43,44,46,47,48,49,63,66,67,68,69,75,76,77,78,79,83,85,86,87",255,255,255

3201,"4,5,6,7,24,25,26,27,29,30,34,35,36,39,40,44,46,47,66,67,70,76,77,78,79,80,85,86,87",-1.041058,-0.548240,0.001079,0.000071,0.000078,0.000102,0.035335,0.001362,89.967549, ,0.995357,2.715368,6,White,Default, ,Regular,yes,no,0,n/a,n/a, ,"4,5,6,7,24,25,26,27,29,30,34,35,36,39,40,44,46,47,66,67,70,76,77,78,79,80,85,86,87",255,255,255

1372,"4,5,6,7,8,25,26,27,28,34,35,36,43,44,46,47,48,66,67,69,75,76,77,78,79,83,85,86,87",-1.203517,0.504661,0.001111,0.000062,0.000079,0.000100,0.064336,0.002479,89.969689, ,1.339070,4.404073,43,White,Default, ,Regular,yes,no,0,n/a,n/a, ,"4,5,6,7,8,25,26,27,28,34,35,36,43,44,46,47,48,66,67,69,75,76,77,78,79,83,85,86,87",255,255,255

4833,"4,5,7,25,27,29,34,35,36,39,40,44,47,67,76,77,78,79,80,83,85,86,87",-1.290099,-0.387664,0.001138,0.000072,0.000090,0.000113,0.044603,0.001719,89.926137, ,1.134949,2.611636,5,White,Default, ,Regular,yes,no,0,n/a,n/a, ,"4,5,7,25,27,29,34,35,36,39,40,44,47,67,76,77,78,79,80,83,85,86,87",255,255,255

3166,"2,3,4,5,6,10,11,22,23,24,25,27,29,30,31,32,35,37,38,42,43,46,51,62,66,68,70,71,73,83,90",0.551459,0.986334,0.001147,0.000085,0.000070,0.000097,0.052321,0.002016,89.908891, ,1.254900,2.615975,23,White,Default, ,Regular,yes,no,0,n/a,n/a, ,"2,3,4,5,6,10,11,22,23,24,25,27,29,30,31,32,35,37,38,42,43,46,51,62,66,68,70,71,73,83,90",255,255,255

2050,"2,5,11,22,24,29,30,31,32,37,42,43,51,62,68,70,71,73,90",0.869514,0.995034,0.001164,0.000091,0.000084,0.000122,0.052766,0.002034,89.854621, ,1.714557,3.996202,43,White,Default, ,Regular,yes,no,0,n/a,n/a, ,"2,5,11,22,24,29,30,31,32,37,42,43,51,62,68,70,71,73,90",255,255,255

1401,"5,6,27,35,36,46,47,48,66,67,68,69,73,75,76,78,83,85",-1.016709,1.030402,0.001247,0.000090,0.000103,0.000123,0.042777,0.001649,89.755934, ,1.688069,3.594279,46,White,Default, ,Regular,yes,no,0,n/a,n/a, ,"5,6,27,35,36,46,47,48,66,67,68,69,73,75,76,78,83,85",255,255,255

1365,"4,5,6,7,8,26,27,28,34,35,36,44,46,47,48,62,66,67,73,75,76,78,83,85,86,87",-1.201874,0.796838,0.001410,0.000066,0.000082,0.000102,0.058163,0.002241,89.953731, ,1.792653,5.000585,4,White,Default, ,Regular,yes,no,0,n/a,n/a, ,"4,5,6,7,8,26,27,28,34,35,36,44,46,47,48,62,66,67,73,75,76,78,83,85,86,87",255,255,255

3,"3,4,5,7,8,10,22,23,24,25,27,28,29,30,31,34,35,36,37,39,40,43,44,47,49,62,63,67,70,71,73,75,76,77,78,79,80,83,85,86",-1.290955,-0.077708,0.001686,0.000065,0.000076,0.000085,0.073204,0.002821,89.936295, ,1.319600,2.624502,49,White,Default, ,Regular,yes,no,0,3,RAD Coded, ,"3,4,5,7,8,9,10,17,22,23,24,25,27,28,29,30,31,34,35,36,37,39,40,43,44,45,47,49,55,56,57,62,63,65,67,70,71,73,74,75,76,77,78,79,80,83,85,86",255,255,255

6,"2,3,4,5,7,8,10,11,22,23,24,25,27,28,29,30,31,32,33,34,36,37,38,39,40,41,42,43,44,46,47,48,49,50,51,62,63,66,67,68,69,70,71,73,76,77,78,79,80,83,85,86,87,90",-0.078066,-0.683314,0.001819,0.000076,0.000062,0.000079,0.082865,0.003193,89.980790, ,1.152697,3.618752,29,White,Default, ,Regular,yes,no,0,6,RAD Coded, ,"2,3,4,5,7,8,9,10,11,17,18,22,23,24,25,27,28,29,30,31,32,33,34,36,37,38,39,40,41,42,43,44,46,47,48,49,50,51,56,57,58,59,60,61,62,63,64,66,67,68,69,70,71,73,76,77,78,79,80,81,83,85,86,87,90",255,255,255

12,"3,4,5,6,7,10,11,22,23,24,25,26,27,29,30,34,35,36,39,40,43,44,46,47,50,62,63,66,67,70,71,75,76,77,78,79,80,83,85,86,87",-1.111239,-0.626092,0.001992,0.000064,0.000071,0.000086,0.077699,0.002994,89.899350, ,1.469474,4.255979,6,White,Default, ,Regular,yes,no,0,12,RAD Coded, ,"3,4,5,6,7,10,11,22,23,24,25,26,27,29,30,34,35,36,39,40,43,44,45,46,47,50,54,57,62,63,66,67,70,71,74,75,76,77,78,79,80,83,85,86,87",255,255,255

4,"2,3,4,6,7,8,10,22,23,24,25,26,27,28,29,30,31,32,33,34,38,39,40,41,44,48,49,50",1.363027,-0.069233,0.002206,0.000073,0.000084,0.000100,0.089371,0.003444,89.969656, ,1.273035,3.254732,6,White,Default, ,Regular,yes,no,0,4,RAD Coded, ,"2,3,4,6,7,8,10,12,22,23,24,25,26,27,28,29,30,31,32,33,34,38,39,40,41,44,48,49,50",255,255,255

9,"3,4,5,7,8,10,22,23,24,25,27,28,29,30,31,34,35,36,37,39,40,43,44,47,48,49,62,66,67,69,70,71,73,75,76,77,78,79,80,83,85,86,87",-1.275667,0.405896,0.002269,0.000061,0.000073,0.000082,0.072862,0.002808,89.946087, ,1.415469,3.459313,43,White,Default, ,Regular,yes,no,0,9,RAD Coded, ,"3,4,5,7,8,10,17,22,23,24,25,27,28,29,30,31,34,35,36,37,39,40,43,44,45,47,48,49,55,56,57,62,64,66,67,69,70,71,73,75,76,77,78,79,80,83,85,86,87",255,255,255

10,"2,3,4,5,6,7,8,10,11,22,23,24,25,26,27,28,29,30,31,32,33,34,35,36,37,38,39,40,42,43,44,46,47,48,49,50,51,62,66,67,68,69,70,73,75,76,78,83,85,87,90",0.014829,1.063189,0.002349,0.000079,0.000063,0.000081,0.084213,0.003245,89.950589, ,1.399435,3.146454,39,White,Default, ,Regular,yes,no,0,10,RAD Coded, ,"2,3,4,5,6,7,8,10,11,13,14,22,23,24,25,26,27,28,29,30,31,32,33,34,35,36,37,38,39,40,42,43,44,46,47,48,49,50,51,53,54,55,56,62,65,66,67,68,69,70,72,73,75,76,78,83,85,87,89,90",255,255,255

11,"2,5,6,7,8,26,27,28,31,34,35,36,37,39,46,47,48,49,66,67,68,69,71,73,75,76,77,78,85,86,87",-0.988658,1.111982,0.002403,0.000081,0.000098,0.000104,0.068383,0.002635,89.865407, ,1.692154,4.367772,46,White,Default, ,Regular,yes,no,0,11,RAD Coded, ,"2,5,6,7,8,26,27,28,31,34,35,36,37,39,46,47,48,49,55,66,67,68,69,71,73,75,76,77,78,85,86,87",255,255,255

2,"2,3,5,6,7,11,22,23,24,25,26,27,30,31,32,33,34,37,38,39,40,41,42,43,44,46,47,48,50,51,62,63,66,67,70,71,73,78,79,80,83,87,90",1.117936,-0.743112,0.002428,0.000069,0.000076,0.000085,0.091569,0.003529,89.869449, ,1.818893,3.907736,71,White,Default, ,Regular,yes,no,0,2,RAD Coded, ,"2,3,5,6,7,11,22,23,24,25,26,27,30,31,32,33,34,37,38,39,40,41,42,43,44,46,47,48,50,51,60,62,63,66,67,70,71,72,73,78,79,80,81,83,87,90",255,255,255

1,"2,5,6,7,8,11,25,26,27,28,29,31,32,33,37,38,39,42,70,71,73,90",1.220314,0.997972,0.002789,0.000081,0.000092,0.000113,0.074916,0.002887,89.763563, ,2.148511,5.082325,71,White,Default, ,Regular,yes,no,0,1,RAD Coded, ,"2,5,6,7,8,11,12,25,26,27,28,29,31,32,33,37,38,39,42,52,70,71,72,73,82,90",255,255,255
